,avg_roe,np_per_share,operate_cash_flow_ps,basic_eps,capital_reserve,undistri_profit_ps,net_interest_of_total_assets,net_selling_rate,gross_selling_rate,total_revenue,operating_income_yoy,net_profit_atsopc,net_profit_atsopc_yoy,net_profit_after_nrgal_atsolc,np_atsopc_nrgal_yoy,ore_dlt,rop,asset_liab_ratio,current_ratio,quick_ratio,equity_multiplier,equity_ratio,holder_equity,ncf_from_oa_to_total_liab,inventory_turnover_days,receivable_turnover_days,accounts_payable_turnover_days,cash_cycle,operating_cycle,total_capital_turnover,inventory_turnover,account_receivable_turnover,accounts_payable_turnover,current_asset_turnover_rate,fixed_asset_turnover_ratio
1993-4,,,,,,,,,,,,,,,,,,,,,,,,,,,,,,,,,,,
1994-4,,0.24137931034482762,,,4.328571428571428,,0.12646416237930788,0.16035500057205443,-0.26385842947912247,0.40962712263017953,,0.6356686283107121,,,,0.0770588235294117,,0.144655966412806,-0.6917554314673173,-0.7639397228462529,0.25298438934802575,0.4353775612551941,-0.2019108905909722,,0.1142976906303687,-0.0789452025165996,-0.16774789582896188,0.10799549736215956,0.014013562601627578,-0.02923421869610214,-0.10257479552303059,0.08571096856587238,0.20155932784963362,0.7455693981400248,-0.1428745134442195
1995-4,,-0.15277777777777776,,,-0.8042895442359249,,-0.029205300499267943,-0.08264078654534192,0.12923395762068215,0.21986844813162668,-0.4632482722086191,0.11905409702616442,-0.8127107032118918,,,0.5636646641179685,,0.0283589251439539,0.3493682447861165,-0.3617408041060736,0.06019520970052296,0.0893935612677814,-0.05677233429394806,,0.377899381255316,-0.24264660041645375,-0.20071506360984562,0.1965039073656494,0.08538693849323163,0.05827485120369558,-0.27425761868357545,0.3203897770411163,0.25111847950247485,0.9184760755930841,
1996-4,,1.6229508196721314,,,44.87899543378995,,0.8096103527834706,1.1241420608964026,0.019875180529413897,0.13589602038969253,-0.3819200611275856,1.4128170624259175,10.867026727367413,,,-0.3117492761266752,,-0.30958074751528164,0.05945397111913367,1.1881387167029653,-0.4032237792999434,-0.5879684779620635,0.6756925348813525,,0.30950507752454026,-0.10111869345823632,1.1069086225252027,-0.06747953710260603,0.17444454672955392,-0.14807353311508445,-0.23635237013322316,0.11249126856379266,-0.5253707496148262,-0.25894681687188903,
1997-2,,,,,,,,,,,,,,,,,,,,,,,,,,,,,,,,,,,
1997-4,,-0.29687500000000006,,,-0.6634486190594676,1.8785292186474067,-0.27855692866555076,-0.16545587289195382,-0.28228762480253977,0.63535211485399,3.675281097309707,0.3496958378608716,-0.7524831595316308,,,0.06419150372238644,,0.2340184673610936,-0.3801512086039826,-0.4507311844422326,0.26651924393197496,0.7472478594462358,-0.21044754575359542,,0.015156463423401286,0.3006950740404958,0.31021368090096973,-0.043783680340128,0.08703827938347856,-0.13557986008473738,-0.01493021746186307,-0.23117941998125446,-0.2367651184226346,-0.11906950434844085,
1998-2,,0.12807881773399027,,,0.01015835076187635,0.4256272401433692,-0.5984604473863065,-0.6614130588069383,,1.0989262573638834,,-0.36481810748122473,,,,-0.4389799635701275,,0.2763119674670798,-0.3542624080882352,-0.5506089154411764,0.3729514396651707,0.9699928796663616,-0.2716477344840716,,,,,,,0.18596123624934524,,,,0.3650891210817456,
1998-4,-0.41023454157782513,0.4044444444444445,,-0.41071428571428575,1.2206121543693627,-0.055200729927007294,-0.5597954327801198,-0.6015331312256388,-0.24106246126888475,0.7849965514781484,0.23553085533688412,-0.4855930048676047,-1.889624130673499,,,-0.5870290891750118,,-0.04196389451777209,0.060384813605909665,0.23250627265124052,-0.055705674495946746,-0.12989244574556097,0.05898073666384425,,-0.21439237284363286,0.03812755810897077,-0.22073459696835518,-0.07213978230081951,-0.1383281350295922,0.10475322010714691,0.27289950576606276,-0.03672710917526747,0.28325894810536456,0.15683441688739067,
1999-2,,0.44978165938864617,,,1.2199053534457263,0.18939870102660797,-0.21930308716929744,-0.049131166386218644,0.045374184901036924,0.16417910462989344,-0.8506004953927744,-0.03876759905976495,1.5469631432659572,,,-0.3044733044733044,,-0.13700286380791615,0.1200960768614892,0.09254761600409053,-0.19095015976787755,-0.3320080549388134,0.2360214116903907,,0.07034603731826494,,-0.022106793016026118,-0.5337801764320234,-0.29885258680407495,-0.17910777385159013,-0.06572290328857754,,0.022606382978723413,-0.17889839411676417,-0.8045069090956539
1999-4,,0.03797468354430369,1.6808725255327195,0.030303030303030328,-0.00046610733786118185,0.056011588604538864,-0.008231098750757086,0.1272308327717758,0.23223335961256908,0.09799842118835049,-0.8751613063489414,0.6537779725848056,3.1015178496808073,,,0.18822170900692828,0.04559037824911256,0.035618263962455946,-0.06140137707573906,-0.06288170097263061,0.04745762711864412,0.06758338209479231,-0.0452898591875629,1.6114441416893732,0.011410756321566717,,0.031571979918738176,-0.6168323292827851,-0.3556358654185366,-0.12020222864217905,-0.01128152030889378,,-0.030605982078315327,-0.12093249150072859,
2000-2,,-0.20481927710843367,,,-0.3845180201185797,-0.22564734895191121,-0.24244709431116565,-0.18696779619441425,-0.11948493262748863,0.03441729205608062,-0.7903690484166671,0.09534046204440069,-0.5222058513997053,,,-0.14937759336099599,,0.09746739701742914,-0.10213644666825514,-0.054990054990055035,0.13283094243689858,0.2212259410991729,-0.11723694326164581,,-0.055429893220208776,,-0.08736545702955775,0.0014329112722352695,-0.055429893220208776,-0.06806564433683075,0.058682634730538814,,0.09572871861558473,-0.04898556022664969,
2000-4,,0.1890243902439025,0.20370370370370366,,0.4380787422556791,-0.24737082761774123,0.14319312528267764,0.08936285097192226,-0.0609100325990922,0.23954408999753535,3.3526806669523874,0.24727720891611094,-0.32259268436686456,0.4910283815411019,,-0.17298347910592804,0.12188009714016469,-0.07833439996411981,0.16993182014326386,0.20540671011344439,-0.09750767032320438,-0.13990134283365302,0.10804605358642662,0.1862745098039216,-0.12357765189856496,,-0.19342082142991116,0.0032627948168174156,-0.12357765189856496,0.04948985575231619,0.14100270529714637,,0.23980302497361938,0.052801894238358474,
2001-2,,-0.007575757575757582,-1.5202913631633714,,0.34116246347007256,-0.7381710646041857,0.04006719342997574,0.27062905415598126,-0.07294151278821498,0.2796605746336181,7.125664642473196,0.5944059184059814,5.234591986574365,-0.4494687744154064,,-0.0536585365853658,-0.02398986306296058,-0.1057370757267297,0.18735072976559042,0.1688745821468368,-0.13653121744008975,-0.202038103677448,0.15811748265708453,-1.6435536294691226,0.09170974038296453,,-0.16994221763776943,3.1532146972825497,1.0971496796580609,-0.1815819861431871,-0.08400550855793815,,0.2047349522244538,-0.18854507015183541,
2001-4,-0.6418250950570343,-0.34102564102564104,-1.523076923076923,,-0.4258118311947005,-0.8818347509113001,-0.6596178192752018,-0.47479199858382015,-0.04301066547710764,-0.009733536357785169,-1.0228200884296008,-0.39028550622172187,-1.868400493142519,-0.569392531207538,-2.159593750254568,-0.4606345475910693,-0.44112007314657914,0.13186136523574943,-0.17291236352906458,-0.3075690828994794,0.17822381595492004,0.31145451648876854,-0.15128278906773396,-1.6115702479338843,0.39964117091595863,,0.4709304887183077,3.5070225722985433,1.7050918863950029,-0.35188289194323397,-0.28553127210845325,,-0.3201579682020903,-0.3270859884549067,
2002-1,,,,,,,,,,,,,,,,,,,,,,,,,,,,,,,,,,,
2002-2,,0.0038167938931296893,-0.09999999999999995,,0.0003228149463319796,-0.1424847958297133,-0.530298498534426,-0.46013466528722374,0.12916530152061217,0.009378969080177517,-0.9664629676644223,-0.4120148018421806,-1.693154174083034,0.7863259013045557,2.7494554685640167,-0.4123711340206186,-0.5942877700965478,0.1416244943048652,-0.22372047977352305,-0.33926490837834977,0.1954796491390912,0.34108035218529403,-0.16353231172323454,0.1498316498316498,0.12416204946740533,0.11146474632633803,0.43291470549421535,0.015970555402990853,0.11807456042313579,-0.12980599647266305,-0.11044888316151202,-0.10028681633864123,-0.30212174791614044,-0.027238275698721007,-0.3804815457770398
2002-3,,,,,,,,,,,,,,,,,,,,,,,,,,,,,,,,,,,
2002-4,-0.4416135881104034,0.023346303501945546,1.1764705882352942,-0.5,0.0002420330778539467,-0.3830334190231362,-0.45754634741674893,-0.4097879942027031,0.033748050715302666,0.03736246363359555,5.134066159852065,-0.44425628632004677,-0.07421111203561163,-0.6271504262496163,-0.10143609071414647,-0.43355119825708055,-0.4073034573924839,0.05829195252906587,-0.1175526221905102,0.05899363794100645,0.09794466403162065,0.15767735665694838,-0.08918889515776064,1.133906633906634,-0.09109516598283446,-0.18222426488999077,-0.055913241287269246,-0.17279336842914908,-0.13507317204156719,-0.08103448275862057,0.1002248032971151,0.222829614098148,0.05922513228838032,0.0037878787878788656,5.181884133070214e-05
2003-1,,0.10962230968930577,,,0.0002420330778539467,-0.3068181818181818,0.10873786407766997,-0.023936723791021977,-0.22936245685563103,0.3140539380373702,,-0.09644070152313611,,,,-0.35011061946902655,,0.09851643391193499,-0.18587669073105972,-0.0234300504018526,0.16201556806889708,0.2735464351486451,-0.13941895485295142,,-0.3023369043649247,-0.4827777689369162,-0.20322013021291568,-0.4525806156344258,-0.3895073060260502,0.13526119402985073,0.4333569907735983,0.9334040859644468,0.25505313607001456,0.24252873563218402,0.20324123273113712
2003-2,,0.019011406844106567,1.2136363636363636,,0.0002420330778539467,-0.3181357649442756,-0.2893530310748853,-0.37683390405579464,-0.1820051545511956,0.31865021789677306,32.974837402708175,-0.2763010305449256,0.3293909202334867,-0.5845667402140163,-1.7434155808150815,-0.29385964912280693,-0.2274875357568215,0.089587637628475,-0.09827255278310945,0.040718178903494676,0.1644085562327731,0.2691784467971845,-0.14118462267650328,1.1623762376237623,-0.24777518943908725,-0.4674979304321985,-0.37842542237858195,-0.34063376499373405,-0.352494467283993,0.1402513173895419,0.32938975070924115,0.8779267890513357,0.608816822903471,0.21889457024592168,0.26888401559454206
2003-3,,0.015037593984962419,,,0.0002420330778539467,-0.3044478527607361,-0.30199592668024444,-0.3839651123783965,-0.11819034773940058,0.34230488438625634,,-0.271357638214108,,,,-0.28488372093023256,,0.12520788344682146,-0.20269926152279086,-0.14005376344086015,0.2222856443918946,0.379064387610847,-0.18188418060389344,,-0.23485312729669572,-0.49141035327542587,-0.23542829754941552,-0.4014944609491131,-0.3616333526316659,0.13307430791646435,0.3069400963804565,0.9662210920586921,0.3079234197392798,0.23922445935868752,0.20067118690500663
2003-4,0.7490494296577946,0.045627376425855556,4.666666666666667,0.7142857142857141,0.009114373286013944,2.6041666666666665,0.5887079494321835,0.26914510878876124,-0.18807286798825984,0.43925678968586296,9.91565815958848,0.902737959679719,3.1851026182851525,0.9748658652076744,2.5544383321374466,0.7230769230769232,-0.2102819614568686,0.05875303319838559,-0.08136244188396999,-0.2778536318951393,0.11663906688746484,0.18289611752360968,-0.10445029013969477,4.064220183486238,-0.20349146604117035,-0.417373945205815,-0.31720283220906315,-0.2923152282483038,-0.30108218563125216,0.25196998123827385,0.2554790688623483,0.7163648982424626,0.4645654400756441,0.3361820199778024,0.3072179905694597
2004-1,,0.04528301886792457,0.38063660477453587,,0.009114373286013944,1.833333333333333,0.25218914185639224,-0.10442138185953939,-0.14603447452609475,0.6444047696680365,1.051892349723296,0.36298524185399167,4.763803776402153,,,0.31914893617021284,-0.06833292174074802,0.06484287975838889,-0.15197227601671595,-0.28818524201422796,0.13265633351149103,0.20771574652688113,-0.11713595325563185,0.09523809523809526,-0.15639102131125832,-0.3808834436099479,-0.27205671252843355,-0.23655280974915727,-0.24827346693142388,0.3985209531635167,0.18538324420677366,0.6152051598737478,0.3737340195915658,0.5231267345050877,0.30404062706999335
2004-2,0.12499999999999997,0.04477611940298495,-0.2893617021276596,0.25000000000000006,0.009114373286013944,1.0297176820208025,0.0673835125448028,-0.16278483565234925,0.007908107374988179,0.46295092956282574,0.45285109053820805,0.15646532202249025,1.5662845954231075,0.4383831867658435,1.749927724281391,0.1118012422360248,-0.36867625346838767,0.036723617276301614,-0.07088122605363983,-0.27865064695009245,0.07924918316996726,0.11934942678721223,-0.0734255351695716,-0.3902439024390244,0.027670716636689525,-0.2507554705176681,-0.09925447402018528,-0.07378469172083706,-0.08145812036776628,0.2747955918947742,-0.026925172539048272,0.33467966166183744,0.11019122609673786,0.37295245705153807,0.23494959193470946
2004-3,,0.02962962962962949,0.08538587848932681,,0.013953863526375296,0.18853362734288867,0.03466386554621843,-0.2843062513613592,-0.022842892768079916,0.6147065473327501,0.7957873825973912,0.06925930647995227,1.2552310969273064,,,0.040650406504065074,-0.21647701283733722,0.019494715929637748,-0.05365697860108591,-0.2707095967489841,0.040528369858901285,0.06160011183076282,-0.03894916402598607,-0.00952380952380963,-0.1572164593786037,-0.36703251524251335,-0.29739848157693116,-0.2165894408475987,-0.239820884613748,0.4455636519502785,0.18654286098775397,0.5798598367675073,0.42328258400439006,0.5307497893850043,0.5226741201300552
2004-4,-0.4869565217391304,-0.06909090909090908,0.6176470588235294,-0.4166666666666666,0.0033570457996962523,-1.7595375722543354,-0.3770314923460787,-0.585943124550036,-0.17855483975200437,0.4882881257492688,0.5138130980268955,-0.9308939404476811,-1.5233456440296076,-0.9226609494531914,-1.9464490504335983,-1.0491071428571428,-0.19355124238625446,-0.0032718273089109473,-0.04224887226317525,-0.02968425033087549,-0.006834741118060444,0.04541825600993536,-0.10358036830367522,0.5217391304347827,-0.13851767421521619,-0.4690877920719004,-0.38468190783019945,-0.20106439321594932,-0.2642539797607213,0.5044208002397722,0.16078970821870023,0.8835555344124257,0.6251748552736351,0.5520392059141126,0.47300618360551755
2005-1,,0.0036101083032490204,-8.170028818443804,,0.0,-0.46865959498553517,0.07738927738927741,0.10326216366378274,0.22207933082092984,-0.007337696418104766,-1.0113872487022912,0.06912182585970483,-0.8095733983497941,0.8344917872614762,,0.06451612903225812,0.20492889624807653,-0.03785870499272719,0.05649038461538467,-0.06721536351165981,-0.07619227381401786,-0.06153517211887959,0.08248697482063543,-8.590062111801243,0.4299356280257487,-0.13168535916804422,-0.14981714481138064,0.42408368821164655,0.24061988629951467,-0.023501762632197436,-0.30066833751044286,0.15165675446049268,0.17621464829586647,-0.03613726085636188,0.010667118184896669
2005-2,-0.7555555555555555,-0.00714285714285715,-22.538922155688624,-0.7999999999999999,0.0,-0.6427525622254757,-0.4654130288784419,-0.45336303968206176,0.038547133289859196,-0.013398376185710345,-1.0289404278206549,-0.7584450428178761,-5.847378007861183,-0.8270885116162854,-2.8866812809803304,-0.7541899441340782,0.13708721794140322,-0.036934888963811696,0.0030927835051546802,-0.016655989750160097,-0.07633375552191766,-0.06078521170739827,0.08262683745577326,-23.96,0.21120126680993687,-0.22739916903121207,-0.16154634879206917,0.1684793917245009,0.07097701731294931,-0.02203011712214156,-0.17437357099528716,0.2943291960878909,0.19267244873145822,-0.02502546195256801,-0.02083657285025652
2005-3,,0.0,-5.066565809379727,,-0.004772889984885852,-0.4925788497217069,-0.41195713479977436,-0.3439093053336377,0.08560183294768836,-0.08002725485274456,-1.1301872274107827,-0.7480954055670765,-11.801412090847398,-0.7709598825701899,,-0.75,0.0085935707548374,-0.026439848755351793,-0.010012374845314455,0.07136733819117015,-0.05305507469385144,-0.027915551068779396,0.05603750807153481,-5.1923076923076925,0.36093227243856124,-0.09526950337988267,0.06816360587209934,0.26320729899076867,0.21138206028198323,-0.1036323202372127,-0.2652089098580048,0.10530100223456274,-0.06381414366027946,-0.09662709332494694,-0.19352663519892108
2005-4,-15.864406779661017,-0.30078125,-0.9818181818181818,-12.142857142857142,0.011790010356090116,-13.097412480974127,-9.573176012123836,-12.291567050641163,0.05717200771963463,-0.13963980543015986,-1.2099998044974607,-94.27248267496965,-195.04656213223154,-151.4276602224868,-163.12058166542207,-201.3181818181818,-2.4344261458195073,0.11946797831166166,-0.12716829408385988,0.002338269680436436,0.33077971823670704,0.6226559185405176,-0.19431978214759016,-0.9916666666666666,0.37465612419304656,0.02307431733895285,0.2582093246684596,0.28621976423435497,0.278158129875148,-0.24076103197529636,-0.27254519052626314,-0.022554064719810616,-0.205218692479839,-0.2297029702970297,-0.270875380102796
2006-1,,-0.3525179856115107,1.0807877813504823,,0.015186635760530656,-17.698729582577133,-3.642146257031588,-3.7269784172661877,-0.29851210629380864,-0.08364334768186828,-10.398609975470155,-4.088940311646894,-60.15540638291716,-5.556860522096602,-7.658974561769316,-5.757575757575758,-1.0398976061436316,0.11693213317401313,-0.027758816837315105,0.15189075630252108,0.2927194714976503,0.5809259090494852,-0.2264486156954412,1.0785597381342062,-0.17159811745447096,-0.18898069467830986,0.15737962311158407,-0.2691371057277542,-0.17569917583491398,-0.030685920577617293,0.20714371042886157,0.23301364810033195,-0.13597753116865316,-0.05765595463138008,0.0005025967498742955
2006-2,-12.568181818181818,-0.3633093525179856,1.1666666666666667,-9.999999999999998,0.015186635760530656,-20.58401639344262,-3.7804648241206027,-3.561797752808989,-0.14868487935175878,0.034223116265771326,3.5543364681295713,-8.630551446081851,-10.379270744747478,-17.475891558306603,-20.129397199092235,-12.863636363636363,-0.6960195630837772,0.12532529193636593,-0.15267785771382897,-0.010206297502714522,0.33227424749163864,0.6479010594441242,-0.24940199256078746,1.1594076655052266,-0.24866262850267476,-0.26888028305258704,-0.018379431777681168,-0.3240183230620292,-0.2533255688199327,0.08554319931565432,0.33095964733808064,0.3677656546489564,0.018723664537175454,0.103118937472019,0.057328886771478335
2006-3,,-0.5215827338129496,1.5379464285714286,,0.015186635760530656,-26.40585009140768,-12.252637636677537,-11.800069581352199,-0.13098807869523882,-0.04148494265778621,0.4816124557961688,-30.31379769649833,-39.52132148991773,-45.4924998917767,-58.00760091314725,-62.734375,-2.285278826006405,0.1811781424565168,-0.21659090909090908,-0.21484296859371874,0.5479874064795696,1.1327042037296247,-0.3540047557859601,1.5275229357798163,-0.152876826061083,-0.2537746462194328,0.14207876378598275,-0.2753917805366364,-0.17757983966831925,0.04184584849487262,0.18046551830585914,0.34008226828267457,-0.12440379274015913,0.08520452567449946,-0.00933667781493879
2006-4,,-0.7486033519553073,45.99999999999999,-1.0256410256410258,-0.02267537989134709,-1.7193910602461668,-1.4377201732345104,-1.0358500553390118,-0.15498476779609774,0.017243984553381407,1.1234889716413634,-0.987470255082498,0.9893385974514513,-0.6144480071623514,0.9959423001055422,,-1.4053807334225437,0.2843177841293104,-0.29270860752829697,-0.4432348367029549,7.422309493609134,,-0.8756162924533164,101.71428571428571,-0.21017662420050595,-0.24658788926442893,0.1248236929940681,-0.35376897139889435,-0.21817589238057897,0.1974547362896877,0.26610682819383275,0.3272933987067435,-0.11097226734644579,0.2512332383797679,0.13655656025096885
2007-1,,-0.7444444444444445,-3.6533996683250414,-5.833333333333333,0.010550350366112966,-1.4691881317248123,-8.615296429741239,-5.6795409576573,-0.056678841638403435,0.15110544717560806,2.806546871824301,-6.156528030874133,-0.5056537880233017,-3.8044692791226784,0.3153564575396073,-27.04777070063694,-6268.488435374148,0.2086925945686896,-0.35267961619471094,-0.46033193507204084,1.4012960328749804,3.1946678195705434,-0.583553198516432,-3.5312500000000004,-0.24028235621704647,-0.34322897902638133,0.06308738000140139,-0.4095635001668501,-0.26417913407380517,0.4394785847299814,0.31627906976744197,0.5226014898136238,-0.05934353444858485,0.6693413574055502,0.2670797052913598
2007-2,,-1.056497175141243,-2.8348623853211006,-9.444444444444445,-0.25005905046846705,-1.4646855707858115,-18.06969388907715,-14.136953904368765,-0.19339694433062105,-0.16952858003137086,-4.053355930222366,-10.382037756029852,-0.12923914127846525,-0.32405770796398,0.9814568549633976,,-63.508303026455415,0.3108321194391744,-0.47641509433962265,-0.5550680122860904,12.770528429772813,,-0.9273800655690686,-3.289617486338798,-0.15299915874143527,-0.23035212120396656,0.12628826488124978,-0.30013069726554537,-0.17046796597568714,0.25978460730233793,0.18063694267515934,0.29929023547336214,-0.11212848994296006,0.5539772727272728,0.16115950735956755
2007-3,,-1.1879699248120301,-3.489626556016597,-1.0943396226415094,-0.25005905046846705,-0.8044182197596604,-2.6168598704398227,-2.529265857037013,-0.17831293433043974,-0.29728469047926886,-6.173098710377244,-1.3223174102358177,0.9597020472327487,0.3900386382655035,1.0085736989613672,,10.185514907307441,0.2995758394896764,-0.519002030751378,-0.5842038216560509,,,-1.070276919137417,-4.4565217391304355,0.014323003341042584,-0.09373264302150283,0.2679210528988917,-0.14356328934089727,-0.009681452878932245,0.024765835846959752,-0.014121338912133847,0.1034227801967184,-0.21130812395401485,0.2777287673430107,-0.01622356637126635
2007-4,,-0.9333333333333333,-1.5106382978723405,1.0443037974683544,-0.26415854346249906,0.1948624290308493,1.0600264159738948,1.0736142955066539,-0.2596700287589613,-0.44302073915436796,-26.691312920436097,1.051599218763711,2.064942732437441,0.2660555108868172,1.4330000260396323,,1.899356166501572,-0.034095473091681275,-0.37718645329363604,-0.528631284916201,-0.5333974357117826,,1.1431530971617982,-1.991655076495132,0.2588279656093701,0.05835316678937712,0.5467928309292164,-0.010961575333803797,0.2163857727683554,-0.1846170702311822,-0.20561052517125145,-0.05513727131586757,-0.3535017522817144,0.045865955910933426,-0.2610163987660334
2008-1,,-1.0652173913043477,1.125,0.8536585365853658,-0.2883521620568758,0.08217791276024476,0.7046550050246121,0.40185948781142866,-0.7847334577888404,-0.7087035043919423,-5.69014261606168,0.8344133905788461,1.135533047198031,0.7783175575004547,1.2045799295512725,,1.0105923806093848,0.07553521284960131,-0.43745480838756334,-0.5910780669144982,1.584161565633296,,-0.6130264357338195,1.2798353909465021,0.7220342840590505,0.7207955618641527,0.9915208432753378,0.506021860481791,0.721777633009636,-0.5062526951272099,-0.4192917825727389,-0.4188737818296133,-0.497871802435838,-0.12237131984778699,-0.5615171137835339
2008-2,,-3.2999999999999994,0.7272727272727273,0.5212765957446808,-0.04608923884514441,-0.05264275100827835,0.2364651945221059,-0.39128755060009934,-0.6759463539247562,-0.6109800463061711,-4.8469783243217375,0.4969587136129616,1.05099130346987,-1.3658537973755747,-3.214844256275111,,0.7765372822837551,0.08865110973038481,-0.21415701415701413,-0.3777120315581854,,,-4.774273176083379,0.6420047732696897,0.5352840409707301,0.5743372784858075,1.1213404589454135,0.1371350617319894,0.5434668470510091,-0.45120934111759803,-0.3486548698029061,-0.3648098538510673,-0.5285996055226825,-0.14294419778880474,-0.498318458155478
2008-3,,-1.1600000000000001,0.8055555555555556,0.4954954954954955,-0.04608923884514441,-0.03266071143723085,0.21982419343435525,-0.25989649412645244,-0.8039594398841139,-0.5718902488155202,-0.9218283732559077,0.4626040144182274,1.3786919278576013,-0.37113330705386643,-1.9515279241306638,,-1.2190402869500785,0.09733013318310876,-0.21139927623642943,-0.3651960784313726,,,-6.430216669919969,0.7811320754716982,0.3317797201820773,0.3189546203220847,0.7491828319945312,0.029287099375933122,0.32917244670590595,-0.3807900852052672,-0.24912466843501327,-0.24182205827608375,-0.4283039540657116,-0.015440622646246521,-0.4494066059768362
2008-4,,-45.66666666666667,0.9583333333333333,-20.571428571428573,-0.010400700678782519,-0.6735046106810002,-39.3770817154198,-52.503724633958385,-1.5167094160068397,-0.48991233432874165,-0.10584374104162096,-20.596484059298913,-20.585872561689392,-0.054201610050547584,-1.2037240280241752,,-2.019121462332052,0.544563027091574,-0.19181356438601727,0.37111111111111095,,,-8.228806186563558,0.9747545582047686,-0.05252282211233461,0.4812843452891342,0.26678638231325896,-0.19199437391211094,0.04580619782333155,-0.25490459553883366,0.055433889953462774,-0.3249098588647369,-0.21060107547142468,-0.020599946907353305,-0.24366129103133102
2009-1,,-49.66666666666667,-2.0,-0.6666666666666669,-0.010400700678782519,-0.7082773834644159,-1.2612456747404843,-2.705933624754031,-7.555405665831567,-0.5296924591819919,0.25259064433106065,-0.7443905238313222,-1.8921133779075832,-0.761775782852804,-1.97874647637598,,-2.171998244552776,0.5943246768572678,-0.20147814910025702,0.2826446280991736,,,-13.405926833290147,-1.7941176470588236,-0.014292837532473039,0.8982779585264059,0.7667571324551533,-0.4515745534132711,0.17467500607353975,-0.3895196506550218,0.014500258933195221,-0.473205531325016,-0.433990767939572,-0.528069374714742,-0.30138637733574436
2009-2,,-2.558139534883721,0.6666666666666666,0.6,-0.005172793308386448,-0.4417826174631983,0.44877931467847915,0.2149548357589716,-2.4224670787422737,-0.4653806406437153,0.23830403613866247,0.598731477558017,0.20478952992097937,0.31694993439883534,1.2320526205582734,,0.5515882806676726,0.4427290291493772,0.0006550933508024172,0.7480190174326464,,,-6.877276360729598,0.7066666666666666,-0.08839189235415915,0.9957136670355825,0.4637781377827719,-0.27707461234462233,0.14330342769129037,-0.2978723404255319,0.0969630038652678,-0.4989268614825822,-0.3168360231121738,-0.5024885728796343,-0.18847492587340467
2009-3,,-2.018518518518518,0.7142857142857143,0.5357142857142857,-0.005172793308386448,-0.42008109673682165,0.3229039546657323,0.06845947466668592,-3.2057769816390502,-0.4799561120458951,0.16075469058735067,0.5370845433239078,0.16100379590319158,0.3078270870458767,1.829425030918835,,-0.005338577428432068,0.5289334452227843,-0.1694072657743786,0.22200772200772195,,,-5.160777617233679,0.6264367816091955,-0.00899670159384529,0.8676333312589458,0.5944998977108606,-0.3498405958990262,0.16784744930027648,-0.27320490367775835,0.009078705666242777,-0.4645634144817305,-0.37284393876907396,-0.44485528496748694,-0.1881925207756233
2009-4,,-0.6716417910447762,-13.999999999999998,0.33576642335766427,0.00873990485673196,-0.2669947255208181,0.06453484188941262,-0.24433303076247856,2.2296043165467627,-0.4477309548037346,0.08609913617139404,0.4858696357303612,1.016340653093994,0.30966534182173144,6.713165565846277,,0.22783442081507865,0.4907254267987949,-0.4044362292051757,-0.5191788222582387,,,-1.5844053381829855,-19.11111111111111,0.2332668045222456,0.46080697832742956,0.62785117677939,-0.27292241487126995,0.29263346466715057,-0.24815148782687105,-0.18914537673453505,-0.3154461247348583,-0.38569303931109195,-0.31988941291266876,-0.19317917731815012
2010-1,,-0.5460526315789475,-1.9999999999999996,-0.09999999999999995,0.00873990485673196,-0.23755649757165706,-0.44802346340219334,0.08259656400004271,0.20870570711821898,0.08612715332617055,1.162598264651911,-0.0842023085950041,0.8868847151564165,-0.08343644634868058,0.8904717397240134,,1.3689265900580543,0.46889713646403486,-0.4100603621730382,-0.5360824742268042,,,-1.3592464738988765,-1.5555555555555554,-0.15922754441489012,-0.5263275435531927,-0.2267834127626413,-0.4704533616577983,-0.2820698053264681,0.5779685264663804,0.18938233792751416,1.1111610294589565,0.2932977461447212,0.728723404255319,0.5422778257118205
2010-2,,-1.0718954248366013,0.5,-4.111111111111112,0.00873990485673196,-0.46138353520378206,-5.787710755200269,-3.52534006085984,0.1143019081806159,0.04108321556221936,1.088278206458794,-4.104247534797326,-7.850236583707876,-0.27589306811843095,-1.87046221801546,,-0.4208353604855899,0.7289947574442475,-0.5685761047463175,-0.71441523118767,,,-2.0740134613539585,0.4772727272727273,-0.08833965550161077,-0.6223115786662314,-0.18714104749840466,-0.5542176294253804,-0.28754493213906396,0.5000000000000001,0.09689922480620161,1.647686086565823,0.23022631824545048,0.7627603103307471,0.44908657664813356
2010-3,,-1.1717791411042946,0.8750000000000001,-3.538461538461538,0.00873990485673196,-0.5205177711908194,-4.741258242101412,-2.5237977965003235,0.7933543125909382,0.1807212345476642,1.3765365991882588,-3.5396533036245197,-7.590489401119004,-0.6321283398782939,-3.0535170729013372,,-0.07868315669840305,0.7839539074744795,-0.4106813996316759,-0.4723538704581358,,,-1.8982687305445398,0.9230769230769231,-0.23926141515192864,-0.6029989004031855,-0.2618567282678113,-0.6385627302540665,-0.3566073135738129,0.6296041308089502,0.3145107649221075,1.5188902597619127,0.35475011604518025,0.6216123105190627,0.6162294732352315
2010-4,,1.0,1.2666666666666668,2.6923076923076925,0.17854792717701243,0.4844876505883995,3.975555822617474,2.142882336731882,0.38621537021326396,3.205848661935382,1.3395431631939714,1.600007839059768,8.499527573092465,0.1561265499426071,-0.49581967610159366,,3.657354184763237,-0.5369517161032449,5.207324643078833,10.235955056179776,,,1.0,7.599447513812154,,,,,,1.603502038858239,,,,1.3254423720707795,
2011-1,,1.0,0.8333333333333333,1.0,0.17854792717701243,0.49717578204750124,5.451873117635662,1.1032147421330878,5.6403095975232205,2.6500781109410534,29.769421900217115,1.3930117813000182,17.543692548870574,,17.397142720168755,,12.138544602109778,-0.5540657387369269,5.821282401091405,12.888888888888891,,,1.0,-5.768115942028986,,,,,,42.12148685403446,,,,12.304335664335666,
2011-2,,1.0,5.38,1.0,0.17854792717701243,0.5756177861148862,0.9937299655396916,,,2.5655351849894203,,1.236996856061166,1.2436802213071527,0.9978025468538119,4.6166303603208485,,0.9555623721672987,-0.6237958548488187,6.564491654021244,14.825396825396824,,,0.9981999912370363,111.34782608695654,,,,,,,,,,,
2011-3,,1.0,29.000000000000004,0.9993220338983052,0.17854792717701243,0.6034445755982402,0.9928154377174756,,,2.477441934208262,,1.2205591267544356,1.2823282395195235,,,,0.9448433682165058,-0.6694091086630258,6.77578125,13.899700598802395,,,0.997708702076832,861.1999999999999,,,,,,,,,,,
2011-4,,,6.249999999999999,-0.7012987012987013,-0.2208263539921831,1.302445186321393,-0.8870304851451558,-0.9043476583596944,7.1300622559881806,0.1346518145117663,-0.11427143082671166,0.2040184017143728,-0.9361877615797266,1.8929698978377762,11.124552447686819,,-0.7581117126415938,-0.668244,0.6846000000000001,0.0046999999999999265,,,,-0.041439933026370834,,,,,,0.18103924820342743,,,,-0.22310197086546701,
2012-1,,,-19.0,,-0.21384701284198773,1.3369123883425065,-0.9236995774714754,1.2023032196150008,-0.05864613495950142,0.5635033232717447,-0.7873636172218327,2.3736654675161453,0.7039802959342778,,0.6979508987568267,,-0.854417591595211,-0.671734,0.7352000000000001,-0.0037000000000000366,,,,-0.6916488222698074,,,,,,-0.9653512183840381,,,,-0.9382082711351261,
2012-2,,,-0.9132420091324202,,-0.21468453378001118,1.3813540210184476,15.761243386243384,,,0.42766805673325026,,0.504466316655425,-0.49525235081175295,607.9977392043021,608.3364511832497,,27.018575851393187,-0.6819089550438235,0.8234704112337011,0.03951855566700099,,,228.06068689563187,-0.9881796690307328,,,,,,,,,,,
2012-3,,,-3.142857142857143,288.5,-0.21794155965010234,1.405087268299283,12.932078736751029,,,0.38864337110250086,,0.6480563807912623,-0.3515185961991066,,,,16.36562249783486,-0.6461143537393299,0.7134532301818548,-0.03436149904551392,,,138.94113869863014,-1.218553824691932,,,,,,,,,,,
2012-4,0.04440497335701599,0.12960159362549817,-0.11965517241379295,-0.3260869565217392,0.01612325331422424,0.46852625298329365,-0.4513564145465986,-0.1426790591944858,-0.15931243397024736,0.3348856788212388,1.487048094346909,0.16583611040867344,-0.18715015341783572,0.10586316697110978,-0.9440757117122829,0.03112492786537356,0.1396623697215794,-0.011041247181663707,0.05579959634334552,0.08281078929033558,-0.005479452054794511,-0.007305034550838946,0.005481530698367806,-0.21790393013100437,-0.29183543180475613,0.10454384858460818,-0.2786766702855992,-0.14955461724543537,-0.23702960370427517,-0.3600124814728138,0.4121008755832852,-0.09464882099082196,0.3863402168088702,-0.36142239477631694,0.3260961214165261
2013-1,0.18000000000000002,0.1312741312741314,0.4000000000000001,0.25000000000000006,0.000710227272727326,0.4550080342795929,0.1427978844757856,0.06096362688722368,0.016097298216766316,0.23718301819629772,-0.5790918593157446,0.33656400947435405,-0.8582091407169925,0.34239704629626083,-0.8526048574529259,0.18139566441632457,0.18939881875904518,0.03817331066878701,0.019767173812816966,0.032419953829167916,0.019009874387049097,0.06622516556291386,-0.018654705582864698,0.5145569620253164,-0.0981947230023076,0.5658182114592997,-0.023082995766290523,0.1277534726019905,0.026646659623033385,0.07706310679611644,0.10888710968775032,-0.3613570005098022,0.0236285525446135,0.02756039469207212,0.19785878845372004
2013-2,-0.00148148148148145,0.12111524163568776,22.026315789473685,0.11111111111111122,-0.01208674013508708,0.39810762862211696,-0.03723285093418162,-0.04699999999999996,0.05297373568543396,0.15540930633371422,-0.6366129801621819,0.12839889515045158,-0.7454754136056742,0.13950286210708202,-0.9997705534230614,0.0062797481959158165,-0.1306776314629717,0.03052547446285008,0.012431243124312406,0.0698571979930529,0.014504596527068503,0.058811218082879896,-0.014301972964439653,18.133333333333333,-0.0911138867123909,0.5366091560192761,-0.024803948321560354,0.127418186133963,0.02503178757362774,0.010112052473353323,0.10024796315975909,-0.34921688079297103,0.025434877941821327,-0.028615622583139926,0.1344573881054568
2013-3,0.08975834292290003,0.31437956204379547,0.5239999999999999,0.21739130434782614,0.8052118039029031,0.2071921621019818,-0.04209419527935909,0.03109760893503225,0.009437631919601558,0.18880814126296697,-0.5141865413760186,0.23456298375952145,-0.6380513412421149,0.09422827697752065,,-0.1957713296631969,-0.08089500494507254,-0.1524417855706406,0.3646651811891639,0.6733950681510771,-0.07759231810272608,-0.223725834797891,0.08409973605850468,0.5223404255319148,-0.13621159158251156,0.36782767066988664,-0.0841397151444168,0.1290569555882021,-0.014135286870950808,-0.07099391480730219,0.15769091129129853,-0.2689139011371548,0.0918695698809395,-0.164167916041979,0.166818199786536
2013-4,-0.057823129251700654,0.2924558247804464,-0.13826870348609488,0.12903225806451607,0.7743300423131171,0.17318435754189943,-0.11072592206438156,-0.05560663730060294,-0.07230083768437227,0.2072404373087846,-0.3811625448660141,0.1581444369666376,-0.04638317373790983,0.16314151197377694,0.5410672283989685,-0.2323752956256432,-0.12221752928015339,-0.126979240642135,0.31429213988530313,0.11600330912767705,-0.05838876570583886,-0.18317422434367545,0.0620041166411423,-0.18369625907314355,-0.13764710283170606,0.4117066754357119,-0.10179988695233771,0.10434992468563536,-0.02768496134421614,-0.05838615309605077,0.15961831210782326,-0.2916372421482996,0.11333769400011899,-0.15199668370871905,0.19734541408361148
2014-1,-0.39548022598870053,0.27610921501706476,-0.08500000000000013,-0.20000000000000004,0.7797492311331913,0.13602061476164176,-0.3601179673321234,-0.2769626002641497,-0.1442239012522042,0.2356993176583025,-0.006256772196995516,-0.0922763045745682,-1.2741707372149131,-0.0619661330677091,-1.180977052953151,-0.3902193889271767,-0.140350800267907,-0.15086106978641245,0.3282283130827916,0.17859226132607425,-0.0723796967699406,-0.21193299454169015,0.07799266690230477,-0.08474576271186429,-0.24840617303633197,0.07530316021558058,-0.2405297411523385,-0.005974173338311842,-0.15558274709801995,-0.11492957746478874,0.33050541516245474,-0.07002902757619725,0.3167070217917674,-0.226158940397351,0.2451634800316778
2014-2,-0.3189910979228487,0.2718350023211088,-1.2274285714285715,-0.15,0.8094038623005877,0.12266305727095848,-0.29239575577066274,-0.21753565100717318,-0.23165292607109073,0.3058711216453189,0.9681678667258652,0.01623501178680211,-0.8735582052819726,-0.30502072524017526,-3.1864834448004697,-0.31549153938876084,-0.19254857388513014,0.010973770013139253,0.17032489405628606,-0.09054834054834059,0.00543697140555779,0.003755682941292771,-0.005375318824342649,-1.1777003484320556,-0.25421708451562625,0.05598223357099826,-0.24321707918766297,-0.03482378949205552,-0.16817678962788424,-0.095508658008658,0.34087250482936254,-0.05301532377656951,0.3213827512473272,-0.22531847133757965,0.2569853537264227
2014-3,-0.4149947201689546,0.07885822180263238,0.6064425770308124,-0.2500000000000001,-0.03025509195174994,0.25795444065295586,-0.3086487509462528,-0.29046007151370684,-0.1608885716271108,0.21260534455842373,0.12603809160628784,-0.1326184944697893,-1.565383287219212,-0.33222776741554383,-4.5257885129685445,-0.19601835383442684,-0.2860822296942362,0.10861153514302781,-0.07343273321015771,-0.4114903935832867,0.04918605463564593,0.15779941136517997,-0.046845389746085264,0.6859688195991092,-0.2103025123862,-0.11110302157991342,-0.22058897824226448,-0.10459137075525292,-0.17696827582702604,-0.025605398967844428,0.26630775663809314,0.12499008015236877,0.2830197946853972,-0.08725176169122349,0.17264627164007176
2014-4,-0.5857400722021661,0.06715786601173426,1.5600000000000003,-0.5142857142857142,-0.025437201907790134,0.13454545454545452,-0.5586218014479586,-0.5070473559678934,-0.06084811933979699,0.11434754013212213,-0.45102296853889207,-0.44345167940631597,-3.795060198300283,-0.6835197490255428,-5.1897242892694715,-0.47713402086101675,-0.5660311721752248,0.1335465311138421,-0.05176249144421628,-0.3768223375339757,0.05665762808619945,0.19503287070854639,-0.05360666397596318,1.0068399452804377,-0.07723239382855725,-0.09824873472672219,0.017167957860750687,-0.22897017377281426,-0.08334020557648683,-0.10459546925566342,0.08369620901639332,0.10895401002177511,-0.016877637130801725,-0.16921948834935635,0.08146918906958732
2015-1,-0.38317757009345793,0.057689221717036644,-0.4631336405529953,-0.375,-0.022198590987637826,0.10369410239792622,-0.421825143586471,-0.36673683741548874,0.033232588998979434,0.0197127691790959,-0.9635509696689422,-0.3255919925125146,-2.734947331917291,-0.453821950991261,-6.323725914211018,-0.3804097009653873,-0.6024959800872457,0.08368810991623578,-0.021699357528825985,-0.3216200610409964,0.03531836270608306,0.11177454024361119,-0.03408029090254096,-0.2439903846153846,0.10047821418655688,-0.2994210467861404,0.28659252256996226,-0.4924788647195703,-0.045546645536350704,-0.08720560152768932,-0.09130375797042467,0.42738977760436975,-0.22275346328306972,-0.11125374411638851,-0.04652007995638734
2015-2,0.12854030501089322,0.06554385233079567,3.8140703517587937,0.23529411764705868,-0.02472654955253556,0.12885238489940476,0.11305491614600457,0.02845868050212135,-0.05979528060031062,0.18902354361650944,-0.3831124885981345,0.20293321269090772,11.744133045888514,0.2122038706158084,1.6957029188154258,0.13265124158530595,-0.03288153555992537,0.024534284820332625,0.013741237639849519,-0.2519833399444665,0.01235062420722342,0.03328081922016547,-0.012215252064085512,3.5588235294117645,-0.17443917012263802,-0.37456427302775547,-0.08313506899598949,-0.4703175049654998,-0.2449065618377991,0.08226144181872577,0.21129719671048688,0.5988842489886468,0.09067371487135212,0.061664953751284626,0.18522658870066216
2015-3,0.276173285198556,0.06583620734029964,2.9501779359430604,0.33333333333333354,0.010807504078303443,0.15454545454545443,0.210725137554406,-0.1356617795277707,-0.27236590993785303,0.606299723968723,1.8498530138049434,0.3571594129631828,3.721508392525902,0.5214480875693824,2.569548623234646,0.2768441403926235,-0.0005121456308790981,0.1730181489452778,-0.0982656278983492,-0.2837823560486002,0.0950256376107079,0.2825576847868598,-0.08679577914228362,2.4326241134751774,-0.3454285891181282,-0.42414581745096674,-0.2559393837958847,-0.5445056756892707,-0.3739969759937348,0.4008963128946832,0.5277170099475793,0.7365500376222726,0.3439761111749169,0.3514879281302638,0.5334989743737902
2015-4,0.44662309368191716,0.057510356467038386,0.05681818181818167,0.5882352941176471,0.01155519303969542,0.17681623931623933,0.3211143208154864,-0.3621018303745723,-0.5662949062802343,1.5354494501076181,12.493108903928977,0.5421840975809392,2.2258507495102053,1.4768490027877552,3.1815323618913856,0.4542551277437928,0.15787640188491248,0.40597319239629914,-0.2274654876838402,-0.13521015067406827,0.2425040518638575,0.7463325183374082,-0.1951871420194398,-0.4277436946148603,-0.6493516139374094,-0.6959425503834827,-0.6024149980212479,-0.7778516222101465,-0.6626717467564074,1.070839959520023,1.8518584175382617,2.288845516915069,1.5151844407019066,0.9271354319898009,1.373058902960493
2016-1,1.0681818181818181,0.07087768983740876,-1.168503937007874,1.2,0.01087547580206635,0.21652965355255427,0.6482707873436351,-0.22036760179403753,-0.605623047552933,1.930658919895436,223.3816785007566,1.1357760384846474,4.29614735119514,1.7003215382444217,4.540983028588301,1.0526715816675531,2.7787836307585705,0.6122983909541393,-0.30422302439873006,0.0018239299610894283,0.3883588441210789,1.2390977443609021,-0.2797473186110681,0.09565217391304341,-0.7161864573914274,-0.14158221853672015,-0.6926057265712284,-0.11725720602193938,-0.5621769970414604,1.1143654114365413,2.5234398327859062,0.16493549092499457,2.253154574132492,0.8820414058738567,1.7436630455498376
2016-2,0.12548262548262556,0.062344017616833954,-5.419642857142857,0.19047619047619052,0.01087547580206635,0.17448768440024034,-0.11268021744268487,-0.5611299338413689,-0.5808580595339505,1.7093448010034933,8.037045281098958,0.19783338319125948,-0.042078095320950575,0.800324813692439,2.814046860568132,0.12418081986893123,0.25471832851199966,0.4213750231245615,-0.23638778220451528,0.2672676653851253,0.27815879715114744,0.821802935010482,-0.21760155765460162,-3.283524904214559,-0.6365973256085092,-0.6232509890301379,-0.5298548204464575,-0.8807706584084513,-0.6327048070547409,1.021558872305141,1.7517716437880968,1.654287987920586,1.1270029673590505,0.8294288480154889,1.505767975041718
2016-3,0.10891089108910884,0.06872404134067403,-0.8065693430656935,0.21428571428571425,6.724497343822808e-05,0.17316484632969262,-0.07149155531438654,-0.38788519543518146,-0.4302911476223979,0.9361373888767899,0.5346174984692015,0.18457445054688873,-0.4878214346075734,0.5067993934713388,-0.0169777235697518,0.10559955739327934,0.35787000402143027,0.21033814871806647,-0.12105939830290555,0.18336037763681973,0.1567745074191193,0.40173806982771754,-0.13553823107192364,-0.8712871287128712,-0.5128904595383368,-0.06615772601450784,-0.4232914098185019,-0.2232706524740022,-0.36374851724380386,0.5167951141486112,1.052928779855182,0.07084439148567406,0.7339770979319773,0.3979019526381389,0.8508449669360764
2016-4,0.6897590361445785,0.10228509249183895,-0.07442876344086023,0.8148148148148147,0.00026878107781209244,0.24978924842746902,0.5795968633758922,0.5728326612903224,-0.04580851289845473,0.1643156793984094,-0.895896778799709,0.8243030353286382,0.5211210420538411,1.051563474806277,-0.29519334782355017,0.6553153320342705,0.6264521576531256,-0.07956021616790475,0.14050455501051165,0.09078404401650621,-0.06261209848361333,-0.1363901528409754,0.0668239181752447,-0.027397260273972563,-0.14283952338563502,-0.03205950045567592,-0.1002175959505548,-0.16244016612698858,-0.11429179885439512,0.004328399888299502,0.1666424930587211,0.03312125277389142,0.11137870704365294,-0.05582413108747653,0.16095630582474044
2017-1,-0.08791208791208782,0.10415584415584406,-0.20818203824739762,0.09090909090909087,0.0024206562668099957,0.232291540967781,0.040699404761904735,0.1236971529125119,0.13994815253396475,-0.10526174912957839,-1.0546060177531031,0.0063760956958932745,-0.9943873437065361,-0.008609592365965885,-1.0052913049105898,-0.08868071240789427,-0.29291642189404776,-0.21250543886713333,0.2929741217652204,0.05219079985435131,-0.17852375537647697,-0.3529693946080783,0.2173368663780896,-0.6912393162393161,0.11095406916372116,-0.4697282157037767,0.041508923742563444,-0.4741893948261735,-0.19419867539780997,-0.07387862796833783,-0.09987288135593221,0.8858228917358865,-0.039854545454545476,-0.0910718853926836,-0.021811614337315988
2017-2,0.1423670668953688,0.11207333364042565,-0.8541414141414141,0.24,0.00558095750403441,0.23029269678886033,0.30422188186721716,1.0607130680434464,0.6443644582890137,-0.3748370912059684,-1.2198222829000072,0.2653070352853477,0.3386160094856075,0.05484902906049025,-0.9318346932622975,0.13744026049052044,-0.025819329883305382,-0.18507989959611193,0.2606896551724137,-0.07270635003661471,-0.14797234547518315,-0.3049482163406214,0.17363335949840586,-1.3993288590604025,0.5918355385132698,0.9933801636169167,0.3642942988146525,4.018520201790665,0.7119621735097817,-0.36710418375717807,-0.37179441002737357,-0.49833953445466006,-0.26702008928571425,-0.38236850460366173,-0.3156469872889944
2017-3,0.15433673469387765,0.11765104613855136,-28.10377358490566,0.26470588235294107,0.00558095750403441,0.2349120433017591,0.28770058684588595,1.002032004064008,0.623126027223115,-0.35437468974008673,-1.3811246120191782,0.28104516084680925,0.5203455662786168,0.17795171102571972,-0.6522478760034726,0.14592359455864734,0.002536443462030401,-0.15373586846976775,0.2280147446024224,-0.023186237845923784,-0.12180632951319514,-0.25614531216010444,0.13870109909340966,-33.65384615384616,0.6677548171766434,-0.01763866799059203,0.5531218858923312,-0.05558715038348218,0.3319114979217855,-0.35682101428434465,-0.40039219299053735,0.017955591522937568,-0.3561349038161418,-0.3761795081358199,-0.28787369835404764
2017-4,-0.06417112299465245,0.10036196117143786,-0.7367943365402069,0.04081632653061228,0.003426037887948478,0.21262906656981265,0.01941160559436107,0.2915512623892693,0.29292730340061474,-0.188623066357961,-2.180295350728991,0.035746060660124646,-0.9566307217455449,0.02735178439989173,-0.9740264065342661,-0.05868119137486452,0.21862711362085793,-0.09462418308431195,0.09728622631848424,0.015973097940311008,-0.06418507566533299,-0.1526614428532829,0.06857104421701837,-0.7176974892835273,0.255272295035816,0.6658980108037373,0.3578995512105881,0.41874415623982253,0.3709139201423767,-0.2106909495342695,-0.20335852374144156,-0.39972079875229766,-0.26356807602981325,-0.2209227120836477,-0.10369308687999881
2018-1,0.16465863453815247,0.10371891105836067,0.2388298938088559,0.25,0.001945264287630886,0.2164610262436349,0.2162007578465718,0.5692143990041959,0.37463238648726443,-0.19984162042308137,-0.8985198837187212,0.280619821680676,43.01191969887077,0.3267634051345304,39.42914265553334,0.1602876645538763,0.08382327693329132,-0.10028555426912435,0.10094271211022486,-0.23013034952128275,-0.06222917669715933,-0.15613879003558712,0.06634963203711364,0.182564750473784,0.47900837682247227,0.627913414655927,0.572913480770204,0.4307140342521072,0.5305026149068994,-0.2250712250712251,-0.32387139292943556,-0.3857160632076646,-0.3642377417562996,-0.21334083872783557,-0.11827155233631585
2018-2,0.1531531531531531,0.09860409245298644,0.8285029418173894,0.29032258064516137,-0.0012036108324975084,0.19993532591121185,0.20132240688264283,0.09870357020456887,0.0007392647780763027,0.1530234833197631,1.4082387811235284,0.27190879147715763,0.024884379228591772,0.26839048410201083,3.8647815841943083,0.15774001908455698,0.016287132814541437,-0.028953652860380555,0.023832175815812023,-0.1458709386281588,-0.018529732348310502,-0.04620710415412395,0.018860789177299,0.8363636363636363,0.008790510279819507,-0.0028097220006671033,0.1707636157297625,-0.42447870678530186,0.0047497029067778695,0.0935407215381292,-0.008714846773500044,0.0028195776763001853,-0.14585712473036416,0.10161069225496919,0.270461805335195
2018-3,0.10497237569060765,0.09720004043262902,0.1587191089453533,0.20930232558139542,-0.0012036108324975084,0.19268025421871576,0.15186641957565913,0.05801826947475261,-0.035597202797202715,0.14678380809182603,1.414205291005291,0.21414500105945314,-0.23804017150278428,0.251001887014237,0.40809846512880343,0.10658714288997681,0.06087309726902491,-0.03092097723343073,0.018010291595197174,-0.13131699846860642,-0.020293325351691135,-0.04986109080274881,0.020732615907868335,0.19316843345111892,-0.020004218519299802,0.03968847927916107,,2.886856994701649,0.0015689452291565383,0.08868683857504843,0.020412642669007896,-0.038172016297326805,,0.09921391138637452,0.262750142938822
2018-4,0.09333333333333338,0.09798644338118027,1.7193103448275864,0.17647058823529405,-0.0006025306286403715,0.1927602584399469,0.15516084221698473,0.2906387352899475,0.20376343729922702,-0.07738546240728719,0.5897372006595166,0.19454229283388272,4.442343199239075,0.21569699145421903,6.901857346961205,0.0879460076423007,0.02897337211465957,-0.10693997933857136,0.15053663089127392,0.1392911322576196,-0.061648079306071954,-0.16071428571428573,0.06566050282368252,1.9501084598698482,0.21246305737880575,0.30923163874280346,0.34947814261716,-0.11989248108052068,0.24557926829268295,-0.10497578159401143,-0.17523325418854296,-0.23619576753330354,-0.2589728702628523,-0.10702179176755452,-0.0021293519147596814
2019-1,0.20689655172413796,0.10515200248009145,0.2376941300342195,0.3333333333333335,-0.0006025306286403715,0.21179311732742997,0.351654811592499,0.8927214339632298,0.563733099138107,-0.261207484699652,-0.3070675833908787,0.3319680807553355,0.18298054308317305,0.2216692051954182,-0.3216214810122321,0.20523864551598558,0.008726794182580199,-0.12237816894724786,0.16581038949633345,0.521276595744681,-0.06391990758567587,-0.17641890704621338,0.06831391272099457,0.1630602782071097,0.5314007117664896,0.6216668403758701,,4.611852318247446,0.5646032501886594,-0.28584558823529405,-0.34700271531017196,-0.3833502126797651,,-0.29731663685152065,-0.22860709539725363
2019-2,-0.07812499999999996,0.08636063719483457,2.278271918678526,0.0,0.0014059048001606685,0.16939364773820978,0.002486346345920772,0.5243038001914616,0.7256468116786804,-0.3400970385001233,-3.2225221045202357,0.008235807375236768,-0.9697104546006201,0.13587039030210346,-0.49375908193300794,-0.07190619890193167,-0.04391842809675657,-0.1825332800747708,0.22315662314733087,0.3072249372605997,-0.10173988153998029,-0.2651096733470097,0.11332446192073109,2.602564102564102,0.7346752550682264,0.6619742376923721,0.7063361351325879,0.7263986908049502,0.7095412267471091,-0.3423548004741209,-0.4235229474536568,-0.3983068977109501,-0.41394934264279876,-0.3431326800435527,-0.3128913014519782
2019-3,-0.07300000000000004,0.08506992427173742,0.8824989656599089,0.019230769230769246,0.0014059048001606685,0.1628385579361289,-0.0018551048216309013,0.384840454234768,0.5600538323655495,-0.2744294009551014,-2.869611129278396,0.012269652165293802,-0.942702374559294,0.08745388095225673,-0.6515804654942988,-0.06709729679208255,-0.10707921775929376,-0.16319122187743432,0.17640175980529813,0.42838254737769954,-0.09409751924721993,-0.24130501692828568,0.10388309633031288,0.856934306569343,0.47742135440880207,0.49422709622653427,,-0.6602454307195084,0.4837261745428569,-0.2791621029572838,-0.3231447623144762,-0.3307589983340006,,-0.2755444793585438,-0.24475334495483458
2019-4,-0.019163763066202145,0.09025873808443026,0.774283540451433,0.08333333333333341,0.0012057877813504982,0.1660209499210791,0.02536143764356174,0.43822693379838773,0.47440616695003385,-0.259621978310614,-2.3562318278736187,0.06715894231515378,-0.6234951835593342,0.1939794749611661,-0.10068753853785639,-0.015609035177346456,0.059078356072250524,-0.08462428290118533,0.06051265412070085,0.1513134003147319,-0.04166391548365793,-0.12291033434650453,0.04354325473334111,0.8558823529411764,0.5255765487844228,0.3597298642004215,0.5370190687748811,0.08244499600353362,0.4659199924200852,-0.28702154875528874,-0.3445106705050751,-0.2645593840640233,-0.3493892232629367,-0.28656647040594974,-0.25106072054269035
2020-1,-0.5257142857142857,0.07039166871208659,0.38535911602209955,-0.5,0.0012057877813504982,0.11306340718105433,-0.5370330100465359,-0.11847610807303102,0.28318324005564016,-0.445844704622199,-0.7068646705486453,-0.4871374129866442,-2.4674215587044537,-0.4256552154213825,-2.9202279073754114,-0.5208611772909524,-0.384586241166684,-0.00860048155063127,-0.009378884327093353,0.2194425293016841,-0.00397641574112149,-0.012801365478984436,0.003943996417730993,0.41828254847645424,1.0586030923591403,0.6222934460887949,,-0.7629866633652321,0.8922623273436797,-0.4749034749034749,-0.514233926857874,-0.3835895414531599,,-0.46945010183299385,-0.4533827521403216
2020-2,-0.11016949152542377,0.07592059139971541,-5.708747514910537,-0.025000000000000022,0.0025404465837679004,0.11252674897119344,-0.07552889303429838,0.06532216522125699,-0.09387039811643832,-0.1086834385746941,0.6804352875797199,-0.029412823780647548,-4.571272462360369,-0.2389990186527533,-2.7590270111135644,-0.0979029993984014,-0.16128111840407913,-0.10807358201328565,0.09853376889766764,0.3199959583712236,-0.04698124871213683,-0.16298045952329832,0.04926624737945493,-6.2266666666666675,-0.169623911936034,0.532796944420746,-0.009415403389545204,0.4608867641630246,0.06645854639805127,-0.13217182337038147,0.2042741045449984,-0.34759752133279154,0.00950570342205317,-0.1174520483068909,-0.11154731612746883
2020-3,-0.04207119741100311,0.08016641195449145,-1.9999999999999998,0.03773584905660381,0.0025404465837679004,0.1189242146514127,-0.03398026315789472,0.2825104341651801,0.08629286848397179,-0.20276260273364896,0.261145870152207,0.042689176830670805,2.4791361043194784,-0.11891051094539158,-2.359697669632035,-0.03468697123519462,-0.1387569254602932,0.016528874838321078,-0.013447384125721214,0.11693921629126815,0.008026440037771497,0.008519269776876231,-0.00797617229718226,-1.7448979591836735,0.22463469154190596,0.4353784973725323,0.36631759123847324,0.09529403941214283,0.30425661819943195,-0.2469135802469135,-0.18343026027266657,-0.3033191817830954,-0.2681053833733706,-0.2449895303619503,-0.251333932853717
2020-4,-0.043516873889875685,0.08167071911534493,-0.27758719268153237,0.030769230769230795,0.013716044426602412,0.11420132906719173,-0.018105867935219525,0.1597922395355943,0.008191429413762349,-0.12998012870620437,0.4995418177897907,0.04426982918164148,-0.39559839445157424,-0.08712243654068556,-1.419581501090324,-0.04005375098466243,-0.14323736147535943,-0.11427165765771556,0.12161541991739333,0.28598464935338047,-0.04905608378117675,-0.17153996101364521,0.05157667562150484,-0.19374009508716333,0.03279476964985044,0.05779527220090723,0.04272188352212469,0.028992491488799503,0.041136237754239996,-0.15346398012696671,-0.03175323202540257,-0.05463612054636115,-0.04097216520239761,-0.14257791291128252,-0.22141906873614187
2021-1,0.957831325301205,0.09894681670024404,-0.11123595505617985,1.0999999999999999,0.013716044426602412,0.14469875563247878,1.159135744480977,0.41536691971474565,-0.0313883658201435,0.5656804685054152,2.268781751505568,1.1296327964215536,3.318922602881736,0.9812656204446044,3.305308289577239,0.9378448850888363,0.6605151631409427,-0.08657766998078259,0.0982509505703422,0.032872950488651936,-0.037720264317180736,-0.13507672357899286,0.0392065703621806,-0.16825396825396824,-0.43697457296358183,-0.41414811177452426,-0.40566211198319624,-0.5960878200070734,-0.42951368466822365,0.525735294117647,0.7761194029850746,0.7069167643610784,0.6825442099258412,0.5364683301343569,0.2809664788463375
2021-2,-0.052380952380952396,0.05512814309446624,1.3054675955245938,0.025641025641025664,0.010936249666577734,0.06477672890835369,-0.009538877806058275,0.11568523547724709,0.3963054550823059,-0.07279053415990396,0.33024484049943414,0.013666861712120042,1.4646584843436574,0.40538802240859234,2.696191197452709,-0.03929881389034448,0.04117163254054026,0.054626181609853934,-0.03986860304287689,-0.14658603796693204,0.02162162162162164,0.07747562852744999,-0.02116772116772113,1.2688775510204082,0.5185012796523932,-0.32689681156690054,0.2944898154244813,-0.5397806325220397,0.11011773854844738,-0.11214953271028032,-0.3414563025910189,0.485655338860991,-0.2274952919020716,-0.11322779715588935,-0.25107740985216304
2021-3,-0.04391891891891898,0.05466035748534053,-0.09272300469483573,0.018181818181818195,0.010936249666577734,0.06315492162123988,0.018711478870841364,0.06196661985524466,0.26231943588690365,-0.025463450654249632,0.8744198892302837,0.018457212852102278,-0.5676403757408233,0.3000381878156871,3.5232148413519355,-0.034330458046957765,0.06754201665335571,-0.06973714831459998,0.0757349679396702,-0.02974217311233885,-0.03332218133154891,-0.10056315366049877,0.034483634695253104,-0.1524163568773234,0.1746822384724607,-0.1664275466284075,0.06884019314626737,-0.1183171236599554,0.032849846191823,-0.040605296343001265,-0.14870597392488824,0.19965652872417056,-0.06440677966101702,-0.03427099841521402,-0.16145822906448315
2021-4,-0.1922005571030641,0.03481139337952267,0.6204986149584488,-0.1492537313432837,0.0004620157085341859,0.028495692511597136,-0.1697690335914538,-0.04302226027397266,0.29412788072165186,-0.09767337351063643,0.24855362363440522,-0.14577086852001747,-4.292771628642422,0.010649508449838615,1.1308514559528198,-0.1744977457690933,-0.20299915913060043,0.08496641858776544,-0.08912984178941613,-0.17586460632818254,0.03332850311549038,0.11973856209150328,-0.03230142847284525,0.398034398034398,0.26071252475131296,0.18009182129185683,0.1821068194670609,0.6313225163161711,0.23338285417677995,-0.13237691555265724,-0.20679741902510698,-0.15260956458112648,-0.15405251141552512,-0.12284701114488346,-0.17451728655237228
2022-1,0.0861538461538461,0.037767907711568856,0.06622851365015167,0.14285714285714285,0.0004620157085341859,0.03401981230448385,0.06639401322659244,-0.05419389092957987,-0.06456409515427759,0.1955943817586735,-0.6542320746711923,0.12747023483405648,-0.8871580415940399,0.18202045026328245,-0.814504935460925,0.08645993053165191,0.14834599773684912,0.03883235983154845,-0.0575405068550062,-0.3059899906162027,0.015736766809728197,0.05422288855572213,-0.015456689533880649,0.1453804347826087,-0.027170228643871232,-0.0026159469550022523,-0.18522077339838836,1.6899424784125658,-0.018928434045257694,0.12771084337349395,0.027928818586257974,0.0026223776223776108,0.2273266655365316,0.14178638351030606,0.20353388503690462
2022-2,0.18760469011725295,0.04627096103578467,-0.7228749136143746,0.22499999999999992,-0.00013192612137201713,0.0405758434772943,0.1644634795693946,0.03982545195475999,-0.03811902779429831,0.20245987884374583,3.781387808932423,0.24793432471709972,17.14106973000658,0.23594375044697885,-0.417979811933259,0.1927475869364009,0.10696428347876148,0.07541013662166933,-0.08646955018547196,-0.13507937931653058,0.03252204585537921,0.10928571428571428,-0.03148424299468161,-0.7609108159392789,-0.12123394508304997,0.1678413013425607,-0.19579121091733728,1.54214482772645,-0.036563766125045596,0.11968810916179339,0.13795939022076031,-0.14371806629110448,0.24345847554038688,0.12950075642965206,0.2175037331099539
2022-3,-0.008244994110718525,0.033120677319341756,1.1160042964554242,0.035714285714285546,-0.00013192612137201713,0.017613772216466095,-0.01861848812528199,-0.06468306948947794,-0.03432454565668942,0.10345616182760325,5.0629933629187445,0.03267243389098999,0.7701684997561901,0.04933961165167162,-0.8355541631393356,-0.00044184907868499246,-0.051229062580778396,0.009642719064838224,-0.14852858481724457,-0.1490936699250262,0.004291548418356741,0.012969588550983962,-0.004287759515633281,1.1129032258064517,-0.016942630162467158,0.009603585424108912,-0.10514137410282749,0.4864146117523611,-0.008034428651786602,0.04915878023133542,0.017235073603364758,-0.009512814592473051,0.11749482401656323,0.1368205128205129,0.11431027073485166
